Some((
    red: 0.078431375,
    green: 0.08627451,
    blue: 0.09019608,
    alpha: 1.0,
))