Some((
    red: 0.2,
    green: 0.24313726,
    blue: 0.20392157,
))