Some((
    red: 0.11372549,
    green: 0.1254902,
    blue: 0.12941177,
    alpha: 1.0,
))